Y: [1.33333333 0.16666667]
X: [1.5, 1.5, 0, 0, 0]